%%parameters
r1 = 0.25;  r2 = 0.15;
r3 = 0.15;  r4 = 1.2;
k1 = 10^6;  k2 = 10^6;
k3 = 10^6;  k4 = 10^6;
tau1 = 0.001;   tau2 = 0.001;   
alpha1 = 0.45;  beta1 = 0.15;
alpha2 = 0.45;  alpha3 = 0.45;
tau23 = 0.0001; tau32 = 0.0001;
an = 0.3;  bn = 0.3;
T_star = 3*10^5; lambda1 = 1;
lambda2 = 1; gamma = 0.15;
t = 0:1:201;
